24.143765903307887
24.571428571428573
24.3574297188755
24.633093525179856
24.590128755364805
24.524834437086092
24.24764150943396
24.435714285714287
24.43073593073593
24.49015748031496
24.673076923076923
24.27601809954751
24.494661921708186
24.486238532110093
24.702222222222222
24.493617021276595
24.316
24.715346534653467
24.532258064516128
24.625
24.278301886792452
24.578651685393258
24.01425438596491
22.308423913043477
22.701
21.966777408637874
23.569318181818183
24.60405156537753
23.976109215017065
24.2986301369863
24.233333333333334
23.416363636363638
24.16751918158568
23.91282894736842
24.083333333333332
23.409615384615385
23.99418604651163
24.09278350515464
24.009615384615383
24.341922005571032
24.33605220228385
24.353073463268366
24.129848229342326
24.11049723756906
23.935515873015873
24.15841584158416
24.076655052264808
23.630331753554504
24.130769230769232
24.347349177330894
24.32794830371567
24.415140415140414
24.303459119496857
24.06968215158924
23.889204545454547
24.0
23.859215017064848
23.701801801801803
24.27027027027027
24.412778904665313
24.2803738317757
24.26993006993007
24.4106463878327
24.486587183308494
24.24576271186441
23.997524752475247
24.263157894736842
24.091337099811675
23.979125248508947
24.074585635359117
24.168044077134986
24.349
24.218707940780618
24.02033271719039
24.46167883211679
24.35828025477707
24.078583765112263
23.79246794871795
24.050847457627118
24.390482398956976
24.34083930399181
24.48913043478261
24.5241273100616
24.41551939924906
24.46513470681458
24.33609958506224
24.452729693741677
24.26438053097345
24.358585858585858
24.28343666961913
24.299325463743678
23.758726899383984
23.797442799461642
24.22961373390558
23.997115384615384
22.87612208258528