-106.72370486656202
-106.00226757369614
-106.00760869565218
-107.25655976676384
-108.23907455012854
-107.51844262295081
-106.89473684210526
-106.42241379310344
-103.66455696202532
-105.62669683257919
-105.63026819923371
-105.6390134529148
-105.7995867768595
-105.37937743190662
-105.82317073170732
-105.214859437751
-106.17619047619047
-107.13286713286713
-107.54927536231884
-106.48547717842324
-107.40265486725664
-105.99354838709678
-107.0037037037037
-106.93783783783783
-103.78445747800586
-104.55780346820809
-106.4658273381295
-109.80888888888889
-110.35693641618496
-108.49191374663073
-106.0216606498195
-102.4835255354201
-104.9353562005277
-101.59375
-101.14055793991416
-102.74127310061601
-101.36837121212122
-101.5135593220339
-102.05585585585585
-103.05369928400955
-105.10188679245283
-104.28606356968216
-105.18166089965398
-98.52056074766355
-101.56126914660831
-102.45641646489103
-101.63953488372093
-100.0242825607064
-103.39910979228486
-102.17746686303387
-103.06605504587156
-102.72669104204753
-103.44226044226045
-105.14853556485356
-104.45798319327731
-103.41554559043348
-102.59537572254335
-102.22148541114058
-103.47659176029963
-103.52341137123746
-103.18037974683544
-103.85
-104.52334851936219
-103.55802707930367
-104.41071428571429
-103.80894886363636
-103.07770270270271
-101.44927536231884
-103.44660194174757
-103.06913580246913
-103.93717948717949
-102.7228813559322
-104.64274924471299
-103.35335917312662
-104.17903930131004
-103.4171597633136
-100.93732782369146
-101.16666666666667
-103.96277665995976
-104.7803958529689
-104.79057971014493
-104.02702702702703
-105.5032154340836
-104.98373983739837
-104.67439862542955
-103.58684863523573
-105.22173913043478
-105.44309927360774
-103.98720136518772
-106.02178649237473
-104.15186615186616
-104.58176100628931
-106.10344827586206
-106.28996865203762
-107.32056451612904
-105.05994897959184