-102.29079921201313
-104.80993571107143
-102.67942056679468
-101.21218689906863
-102.65193978066348
-104.88881525596022
-103.6858188720937
-104.1169457354317
-105.22681814832067
-101.20460273831799
-100.86166674172571
-98.54709981957109
-104.11705434292338
-104.33781764782772
-104.72097437561627
-106.81978545104593
-109.37353251787275
-104.06459576013361
-102.63007266323037
-103.92913604157008
-103.68398952568495
-105.01649847335432
-108.87972672596433
-106.6756694695482
-105.28442393813484
-99.50152177136884
-97.32558983086255
-103.156210280235
-103.66912999881443
-103.40723609900557
-102.47312283635256
-101.88291011694415
-100.67933427526643
-100.36488762141231
-100.56427060250513
-100.41750517647328
-92.19614488448657
-97.89320250826107
-99.3742749948685
-100.11474029189431
-99.07637442620685
-99.93787918554185
-97.37129405377637
-99.12692859280597
-99.16742666875265
-97.99556749124554
-97.45417723881627
-95.97603496852574
-97.9391161824403
-98.43532976281585
-98.36964212773644
-97.70306369297975
-97.90304136062875
-96.23424283536954
-97.78724139696098
-99.11839985974795
-100.0396128462579
-99.90115468870309
-100.8668638274504
-100.17273052607139
-103.76941433678567
-100.54017066074704
-99.81529084852471
-99.98474318483643
-101.16721106745561
-97.80396280009376
-97.06525312856121
-95.60691350461228
-101.14648671145443
-99.04385115482302
-98.52186730583804
-98.97716434841244
-98.64949545396581
-99.03809560820697
-99.69760620405233
-98.94715163454296
-101.13424935766105
-100.24869151360875
-100.40592111429214
-102.75405807794998
-102.25031202060079
-82.67082418660344
-101.34864884680043
-101.74693595970896
-100.6634648189069
-99.78423520929542
-99.56329163520522
-101.63879031074246
-100.47149010716502
-99.37962649325897
-100.24445307478362
-100.2740081137347
-100.32934965721185
-99.48854236657786
-100.51439532926017
-100.04685126013938