-104.46026490066225
-107.17574692442882
-105.4957507082153
-105.85818476499189
-102.9331797235023
-104.31920903954803
-104.30645161290323
-104.61858974358974
-105.41705069124424
-106.42592592592592
-105.17
-103.98518518518519
-104.06615384615385
-105.47376543209876
-104.46932515337423
-106.44711538461539
-105.4090909090909
-104.85576923076923
-105.46352583586626
-105.2032967032967
-104.65050167224081
-104.47380952380952
-104.78879310344827
-103.728
-103.81233933161954
-103.9140625
-104.82804232804233
-104.23451327433628
-104.64503816793894
-106.78017241379311
-107.31659388646288
-104.85175879396985
-105.24198717948718
-104.14454976303317
-104.24776785714286
-106.84134615384616
-103.21428571428571
-104.82781456953643
-104.28529411764706
-104.32488479262673
-105.12622549019608
-106.38235294117646
-104.43715846994536
-105.17171717171718
-104.4384236453202
-105.65948275862068
-105.96632996632997
-104.41300527240773
-104.58345120226308
-104.49385474860335
-105.35585106382979
-104.18194317140238
-103.71579876434245
-104.77137970353478
-104.07123655913979
-103.67353579175705
-104.32987312572088
-104.72121896162528
-105.54109589041096
-105.01651982378854
-105.10780984719864
-102.35487288135593
-102.31798866855524
-103.34530853761623
-104.1614301191766
-103.515
-103.2515873015873
-102.29396984924622
-102.74173228346457
-103.12325174825175
-103.47212121212121
-103.91920903954802
-104.39076464746772
-104.10359801488833
-104.40574214517876
-103.81372549019608
-105.08955223880596
-105.44654088050315
-103.98307952622673
-102.88365493757094
-104.69
-105.75675675675676
-107.06094808126412
-105.56627516778524
-104.7243735763098
-104.98559322033898
-104.52083333333333
-105.56599552572708
-105.0974212034384
-105.21476510067114
-103.09593679458239
-105.02297297297298
-105.42788461538461
-105.47482837528604
-104.82336956521739
-105.77319587628865