24.699754901960784
23.85219399538106
23.868913857677903
24.347272727272728
24.154008438818565
24.505660377358492
24.55851063829787
24.722707423580786
24.46692607003891
24.371647509578544
24.573529411764707
24.248936170212765
24.580882352941178
24.72345132743363
24.71631205673759
24.755905511811022
23.707715133531156
24.463333333333335
24.232057416267942
24.272
24.379411764705882
24.4775
24.56578947368421
23.569565217391304
24.61419068736142
23.692307692307693
23.873931623931625
24.174568965517242
24.48076923076923
24.105839416058394
24.530864197530864
24.53082191780822
24.28390596745027
24.234006734006734
24.044662309368192
24.161960132890364
24.234177215189874
24.51116427432217
24.285714285714285
24.488668555240793
23.660919540229884
24.48391089108911
24.264864864864865
24.440630797773654
24.518850987432675
24.504302925989673
24.025757575757577
24.451785714285716
23.946511627906975
24.068852459016394
24.495049504950494
24.027210884353742
24.057142857142857
24.20123839009288
24.44280442804428
24.4
24.386363636363637
24.423076923076923
24.24888888888889
24.23489010989011
24.18774703557312
24.35144927536232
24.09313725490196
24.448979591836736
24.067708333333332
23.8868778280543
24.48159509202454
24.274390243902438
24.2557003257329
24.299610894941633
24.017142857142858
24.51541095890411
24.657575757575756
24.11965811965812
24.454166666666666
24.80188679245283
24.492047713717692
24.316964285714285
24.258928571428573
24.41212653778559
24.44039735099338
24.281012658227848
23.346153846153847
23.98165137614679
24.290277777777778
24.16599190283401
24.042056074766354
23.860576923076923
24.06430155210643
24.47585513078471
24.471066907775768
24.585899513776337
24.62892561983471
24.54565868263473
24.579427083333332
24.508474576271187