-109.2976501305483
-108.72772277227723
-108.67757009345794
-103.92780748663101
-105.85643564356435
-103.94973544973546
-102.96478873239437
-103.6657458563536
-108.04676258992805
-107.02747252747253
-105.85537190082644
-105.82209737827715
-106.21390374331551
-105.53333333333333
-104.72727272727273
-105.1376811594203
-106.61111111111111
-105.34375
-106.77950310559007
-107.51980198019803
-106.72727272727273
-106.04814814814814
-105.75619834710744
-107.26315789473684
-107.05555555555556
-106.60344827586206
-107.31614349775785
-105.93402777777777
-105.64516129032258
-106.62037037037037
-102.14285714285714
-100.4405684754522
-103.23839662447257
-106.0988888888889
-104.66
-104.95140845070422
-105.27973856209151
-106.0560538116592
-106.07889344262296
-105.51263537906136
-104.64319029850746
-103.67161016949153
-103.56548347613219
-103.22078544061303
-104.10126582278481
-103.14559925093633
-105.68102372034956
-104.41978609625669
-104.17159450897572
-105.73916666666666
-105.73981603153744
-105.19922480620156
-105.47989949748744
-104.90757381258022
-103.47317073170731
-103.89684813753581
-102.77870289219983
-102.08949243098843
-104.75526315789473
-103.18731988472622
-102.4145251396648
-103.09885204081633
-104.04622395833333
-103.91086587436332
-105.25
-103.7288990825688
-105.46644295302013
-104.54181600955795
-106.44418604651163
-105.62370689655172
-104.42797494780794
-101.2140350877193
-101.1270325203252
-101.35607675906184
-106.89735099337749
-105.08235294117647
-105.61440107671602
-105.77288732394366
-107.19686800894854
-107.04072681704261
-106.39467312348668
-105.79838709677419
-104.73952095808383
-104.82745591939546
-105.72245108135942
-104.2994623655914
-104.82275449101796
-104.81806451612903
-107.0065502183406
-105.75770925110132
-105.5124521072797
-103.1796218487395
-104.43793911007026
-105.78988941548184
-105.42383638928068
-106.7995867768595