23.580552359033373
23.86218568665377
23.673285198555956
24.018735362997656
24.311611374407583
24.144086021505377
24.21503957783641
24.451612903225808
24.377384196185286
24.504255319148935
24.361419068736144
24.36231884057971
24.261744966442954
24.320143884892087
24.129377431906615
24.44430693069307
24.52078239608802
24.506741573033707
24.400273224043715
24.41591928251121
24.072151898734177
24.51222222222222
24.734234234234233
24.611479028697573
24.225806451612904
24.388732394366198
23.888440860215052
24.08222222222222
22.397350993377483
23.4378453038674
21.94570928196147
22.762875536480685
21.974825174825174
21.173708920187792
21.279676258992804
22.108695652173914
23.14814814814815
23.37237479806139
23.213080168776372
23.20790378006873
23.693894389438945
23.576719576719576
23.38488576449912
23.42803738317757
23.600806451612904
23.73316062176166
23.477329974811084
24.026894865525673
23.352054794520548
24.07927786499215
23.334084084084083
24.337031900138697
23.915014164305948
23.578384798099762
24.083333333333332
23.5625
22.97146118721461
23.685873605947954
23.27353463587922
23.98045112781955
23.884892086330936
23.971395881006863
23.898280802292263
23.76494845360825
23.54847396768402
24.214769647696478
24.0066765578635
24.253846153846155
24.252054794520546
23.89628681177977
24.02209595959596
24.454468802698145
24.25619834710744
24.21015761821366
24.25408496732026
24.191304347826087
24.443502824858758
24.4188376753507
24.376237623762375
24.30200501253133
23.93314763231198
24.539024390243902
24.161045531197303
24.120888157894736
23.99337748344371
24.335243553008596
24.016826923076923
24.30995106035889
24.2316715542522
24.09206989247312
24.397692307692306
24.070520965692502
23.416666666666668
23.774061032863848
23.803684879288436
24.5164744645799