-99.12428706249636
-98.07184415313688
-99.04239790389727
-97.86601881274508
-100.08936338754309
-100.92964006844835
-101.72768795009974
-100.86464026249743
-101.68923454764243
-99.86636699510186
-99.30219780259853
-97.72659764277422
-99.58300565512685
-100.0795644642295
-104.1648639726978
-104.65166625525755
-110.57926101866227
-103.36336601058564
-106.09264011674286
-105.97750579390585
-107.90201201171004
-109.8941569235886
-107.42804838625453
-108.54732733119445
-105.66320514726851
-104.32267908986216
-100.12379589302812
-104.08345361974482
-103.16762999326185
-103.87637596791541
-102.13538269839184
-103.10322119533951
-101.0824290856591
-101.45298490162321
-105.83814451608644
-102.57375480548056
-101.16910471734208
-105.80775110245439
-102.31706296691065
-99.22300035554385
-101.36056779607213
-99.38124413982926
-99.36140550267731
-96.14454280125051
-97.23645847212921
-99.94131878435134
-101.7099370554204
-96.05199388980942
-102.04277508831461
-98.3292078446668
-101.02744189896126
-96.91153646841416
-99.39555922936293
-99.89243718851783
-98.66198109228506
-100.89879821304012
-102.90800394519542
-102.3128755312153
-101.52785199073477
-99.86940326497489
-102.75095591188396
-97.81222077180125
-98.50391938409345
-94.0447447910205
-101.3611376265748
-97.74778383610163
-99.24141780409128
-90.2081109875413
-99.47540437470008
-101.51147349862092
-99.9838499133212
-102.82656942057017
-97.79135410189198
-99.39994676950862
-100.32398090870863
-99.50580022945266
-100.314289146849
-100.76659590171141
-95.46530454152543
-100.13745747818979
-101.43053976089467
-100.948610053419
-100.7126765980952
-101.35089884904873
-101.46182063244459
-104.65851434705522
-103.36231984564839
-102.22475917033154
-101.37554182834765
-99.86345673394678
-99.35733776411911
-102.28615077589455
-102.07288697314097
-103.98490382887196
-102.22227508549098
-104.76053396030592