-105.17857142857143
-104.8476821192053
-105.82261904761904
-104.57045454545455
-108.41385135135135
-108.67981072555204
-104.6853448275862
-105.60426540284361
-106.34313725490196
-106.89189189189189
-103.34013605442176
-101.458217270195
-104.85
-104.03886010362694
-105.03370786516854
-106.29591836734694
-105.15053763440861
-104.73611111111111
-106.94025157232704
-105.40654205607477
-105.97222222222223
-104.67105263157895
-106.75879396984925
-105.13125
-105.29389312977099
-106.77540106951872
-107.99557522123894
-105.10958904109589
-101.02830188679245
-102.58333333333333
-103.1550925925926
-102.85273368606703
-104.27355623100304
-102.57881773399015
-102.6280193236715
-102.08179012345678
-100.2212518195051
-103.07633587786259
-100.99223300970874
-103.98070175438596
-103.41514598540147
-104.18322475570032
-103.54406779661016
-104.8896103896104
-105.01315789473684
-104.11666666666666
-102.73744292237443
-104.81663326653306
-103.60098522167488
-102.3619957537155
-102.3259368836292
-102.74571428571429
-101.91720085470085
-101.25742574257426
-102.74421052631578
-103.6769406392694
-104.21917808219177
-103.56305309734513
-103.2377358490566
-103.54404761904762
-102.11290322580645
-102.52884615384616
-105.17816091954023
-104.4013671875
-102.60799136069114
-101.48092105263157
-101.86409608091024
-102.36834733893558
-101.94131455399061
-102.58771929824562
-103.16545454545455
-101.94980694980696
-103.93880208333333
-103.02631578947368
-105.41521739130435
-103.29972752043597
-103.07772020725389
-103.19195046439629
-105.32451923076923
-105.37357630979498
-104.38501026694045
-104.49036144578314
-104.50375
-104.2141472868217
-107.11494252873563
-107.24651810584959
-105.80830670926518
-105.65689981096408
-104.39305816135085
-104.74031890660592
-104.59335727109516
-105.62782608695652
-105.8125
-107.74864376130199
-106.57624113475177
-105.00564516129032