-110.95712809917356
-108.83114919354838
-109.86463133640552
-109.22913992297818
-109.22938829787235
-109.60399529964748
-110.60509209100758
-109.4149377593361
-110.05132641291812
-109.20687645687646
-106.97473275024295
-109.04244762954796
-110.04285714285714
-109.46291866028709
-109.01328502415458
-109.109375
-108.62594936708861
-108.14083820662768
-108.86230964467005
-108.77848837209302
-108.23463356973996
-109.06042128603104
-107.93557582668187
-108.1068376068376
-108.2921589688507
-109.16042446941323
-108.77551020408163
-107.78447121820616
-106.3015037593985
-106.51660026560425
-106.37604790419162
-106.39070749736008
-105.54880817253121
-106.22424794895169
-107.56203703703704
-107.59558823529412
-107.23661567877629
-107.07414596273291
-107.65483234714004
-108.5172064777328
-108.39816232771823
-108.33095723014257
-107.19453376205787
-107.76661514683153
-108.80165952890792
-108.04262086513995
-107.99187481191694
-107.06333973128599
-105.5944190944191
-107.35431723088627
-106.83850736908121
-106.34986550100874
-107.47017543859648
-106.66353276353276
-106.96196837513631
-107.01099236641221
-107.5380613362541
-106.8968672026615
-106.78126843657817
-107.0813763861709
-107.13236350574712
-106.9665914221219
-107.41219705999205
-107.93941176470588
-106.52492447129909
-108.15826873385014
-106.3974358974359
-107.35646011865524
-107.63571428571429
-107.10810810810811
-105.6320126227209
-104.70828538550057
-106.05567139282735
-105.48817005545287
-106.77628865979382
-106.85608999224205
-104.66127677446451
-104.8477212971078
-106.5915587315766
-105.59064994298745
-105.88870073891626
-106.7602495543672
-106.1103896103896
-105.41723583768582
-106.63459119496855
-106.93262534818942
-106.87085137085137
-106.5
-107.02554575011612
-108.5599876314162
-108.65639972621491
-109.49861367837339
-110.12887067395265
-110.14935064935065
-109.19095022624434
-109.31180297397769