-103.50696378830084
-101.57543103448276
-101.58013355592655
-102.51329394387001
-102.09204368174727
-103.6
-105.35464098073555
-104.54810126582278
-104.86212624584718
-106.62391930835734
-106.075
-105.73155216284987
-105.58163265306122
-105.5926640926641
-106.736
-107.24144486692015
-106.4090909090909
-107.07440476190476
-106.5
-106.67672413793103
-106.02982456140352
-105.98031496062993
-107.41620111731844
-106.20786516853933
-107.1526717557252
-109.03316953316953
-108.77760736196319
-108.57014028056112
-106.1152512998267
-107.0233644859813
-107.1005859375
-105.8156626506024
-105.64491362763916
-106.59240506329114
-105.49163179916317
-105.1495983935743
-104.37757437070938
-107.44055944055944
-109.95143884892086
-106.21031096563011
-108.20209339774557
-108.07234726688102
-107.9775
-107.12570356472796
-106.78508771929825
-105.14592274678111
-103.78759894459102
-104.5771103896104
-103.62460317460318
-101.46153846153847
-101.02362869198312
-102.88549019607844
-104.3076923076923
-103.22790535838553
-103.39583333333333
-104.34955752212389
-105.35657514450867
-104.71114864864865
-103.4910071942446
-105.35077951002228
-104.78976640711902
-104.29335494327391
-104.51160541586073
-104.97395833333333
-104.736160188457
-105.02910737386804
-104.80108010801081
-106.74514563106796
-106.07997823721436
-106.71830985915493
-105.99180327868852
-105.62429906542056
-105.346687211094
-104.58603667136812
-105.03316749585406
-105.5186170212766
-107.28519593613933
-104.73223570190642
-107.56894243641231
-106.7036809815951
-107.45958795562599
-106.38962264150943
-105.35285714285715
-105.61215753424658
-107.9171686746988
-108.36261261261261
-105.17205882352941
-105.45806451612903
-105.91656050955415
-105.7013698630137
-105.74704491725768
-106.08345021037869
-106.48318713450293
-106.92594433399603
-107.415
-107.24185463659148