-106.45620437956204
-104.88888888888889
-106.10483870967742
-105.67283950617283
-104.77272727272727
-104.61764705882354
-107.9
-107.81111111111112
-104.10666666666667
-102.04651162790698
-110.54032258064517
-109.87628865979381
-104.26923076923077
-103.07894736842105
-97.35714285714286
-101.92857142857143
-107.41891891891892
-104.27777777777777
-102.58045977011494
-101.8
-102.45541401273886
-101.41176470588235
-99.60326086956522
-102.24418604651163
-94.92857142857143
-112.11538461538461
-100.18
-102.96938775510205
-103.56467661691542
-105.5625
-102.21808510638297
-101.64871794871794
-102.53843947217442
-103.7693531283139
-105.00460829493088
-105.22157092614303
-105.8884239888424
-105.81258503401361
-104.7845870594424
-106.59892200380469
-105.99077868852459
-105.9331797235023
-104.99607843137255
-105.52162162162162
-107.35972222222222
-107.40487421383648
-106.92122538293216
-104.51751592356688
-104.90467625899281
-103.3142523364486
-100.50355871886121
-101.93850042122999
-101.91147197485594
-105.6904282115869
-104.52156334231806
-104.77105449398444
-107.37830319888734
-106.55720720720721
-107.03258602711158
-106.53589876033058
-107.11234729493891
-105.9683830171635
-104.73782287822878
-104.4811838494708
-105.75695825049702
-105.12817412333736
-106.40340488527018
-104.61313868613139
-105.41173361522199
-107.82023289665212
-107.6169036334913
-104.04613297150611
-104.46127033307513
-106.44280078895464
-104.21798780487805
-102.6419624217119
-104.85249307479225
-103.504
-105.43125
-105.19962686567165
-105.30891719745223
-103.30038022813689
-103.00735294117646
-104.43511450381679
-101.22943722943722
-101.26867469879518
-101.07879656160459
-102.30524344569288
-103.55714285714286
-100.96757679180887
-102.01028806584362
-100.83333333333333
-100.83143939393939
-100.8943661971831
-103.50903614457832
-100.62393162393163