24.127083333333335
24.478021978021978
24.478365384615383
24.570257611241217
24.361003861003862
24.01671732522796
24.72791519434629
23.438388625592417
23.273700305810397
24.24278846153846
23.516025641025642
24.350678733031675
24.261829652996845
24.252118644067796
24.1701244813278
24.139303482587064
24.575555555555557
24.205357142857142
24.093333333333334
23.984764542936286
24.554704595185996
24.517015706806284
24.369158878504674
24.190677966101696
24.2864406779661
24.413875598086126
24.27720207253886
24.051369863013697
24.32939189189189
24.326555023923444
24.28589108910891
24.55
24.358156028368793
24.309475806451612
24.386649874055415
24.25390625
24.352140077821012
24.425641025641024
24.420308483290487
24.414285714285715
24.487025948103792
24.05045871559633
24.450657894736842
24.493617021276595
24.575921908893708
24.495967741935484
24.303030303030305
24.222033898305085
24.440944881889763
24.151960784313726
24.203125
24.35774058577406
24.279816513761467
24.54705882352941
24.023391812865498
24.285564853556487
24.546511627906977
24.608447488584474
24.570093457943926
24.53846153846154
24.45050505050505
24.341503267973856
24.386419753086418
24.461945031712474
24.205463182897862
24.55392156862745
24.56679035250464
24.39450867052023
24.311816192560176
24.006218905472636
24.129213483146067
24.16522988505747
23.75067750677507
23.66169154228856
24.266666666666666
24.132203389830508
23.202229299363058
24.026153846153846
24.447721179624665
24.420258620689655
24.04891304347826
23.79074074074074
24.296296296296298
23.786833855799372
24.059278350515463
23.963203463203463
23.688796680497926
24.270408163265305
24.126344086021504
24.14176245210728
24.23843416370107
23.582010582010582
24.44315245478036
24.59495798319328
24.439603960396038
24.11898734177215