-106.70437017994858
-106.47341772151898
-106.3585237258348
-105.18769716088327
-104.51685393258427
-104.04285714285714
-105.8739837398374
-106.75806451612904
-106.38461538461539
-106.78530259365995
-105.54166666666667
-106.72592592592592
-105.84323432343234
-107.05263157894737
-107.6377245508982
-104.702492211838
-105.3997722095672
-104.57329842931937
-104.39949748743719
-105.26156583629893
-105.35145888594164
-105.67254901960784
-104.64049586776859
-103.52898550724638
-105.85694822888283
-106.76612903225806
-107.75187969924812
-108.43392070484582
-109.10526315789474
-106.43598233995586
-104.66420361247947
-104.51166407465007
-103.42117117117117
-103.2005076142132
-103.72338709677419
-103.008
-105.9197247706422
-103.3996235884567
-105.3468253968254
-103.60317460317461
-105.04834054834055
-102.8648275862069
-103.45610425240055
-104.23907766990291
-104.97209985315712
-105.31896551724138
-104.43513789581205
-105.36987104337632
-107.256320836966
-104.92207163601162
-105.98621830209481
-105.78716904276986
-103.9018645731109
-104.16058002148228
-106.45992601726265
-106.14285714285714
-104.34051724137932
-105.35027624309392
-104.02350081037277
-102.66584766584766
-102.87730061349693
-102.9175506268081
-104.3371467025572
-103.84009009009009
-102.80718475073314
-102.2213316892725
-102.62146050670641
-102.89985590778097
-104.05086848635236
-104.51773049645391
-105.67650273224044
-104.80369127516778
-105.0246835443038
-106.42494481236203
-107.6237911025145
-106.71632996632997
-107.37973484848484
-106.07777777777778
-106.68721461187215
-104.63447251114412
-105.66952054794521
-105.78205128205128
-105.93783783783783
-105.76031434184677
-105.90983606557377
-107.11204013377926
-104.54398563734291
-103.69354838709677
-104.03129445234708
-105.88870967741936
-105.1795407098121
-104.25154639175258
-103.93888888888888
-105.19616519174042
-106.10918114143921
-107.11971830985915