-102.27673740292357
-99.9384197342041
-97.85145079305153
-98.4700337549554
-98.73893145539051
-101.68429290181788
-101.95189353981496
-101.52037401485615
-100.55105378259353
-100.79488872123281
-102.13225600348983
-102.3238173465333
-103.42419695962423
-100.88858430420524
-103.13348724688906
-98.01574563454905
-102.39178455989843
-102.84905306680925
-102.98434162473589
-102.45051173015187
-99.48624161090008
-100.25853970239547
-100.64270045757048
-102.43362691774391
-101.24997247712948
-101.42172916779464
-105.47918941998984
-102.02774517135539
-102.16625291819271
-97.57511307865462
-99.32703243093023
-99.14741677577369
-101.72568324568323
-101.78608579048833
-92.61744181589322
-98.17580960296337
-98.84332916064861
-100.51329487192162
-99.27013868391775
-94.32587123450492
-103.44829720885782
-104.53154272175148
-101.12594472695314
-101.58844662124991
-103.11308529935519
-102.54568723717362
-100.05693453142268
-100.12105416357365
-99.93301577676482
-97.8580780137748
-100.51782894851675
-97.92361323311826
-99.81495768457704
-101.02446519740803
-98.7669060523383
-96.3786687403214
-96.4915129635624
-100.16726665631352
-97.39986980413013
-98.58724739165851
-97.27357876417274
-98.8695454843478
-97.28379395768307
-96.42385073981481
-100.6038737010836
-100.60725651931182
-99.59594655217049
-100.17713073039288
-101.99217847966153
-100.62346229378593
-99.22115012338648
-100.64312505793569
-101.58096589137853
-102.31197554291066
-103.21161842777093
-102.49909508013337
-102.647862453506
-102.78254708854331
-102.20536765889395
-103.03671627125821
-103.66257119461429
-103.17149690912211
-106.34457522386313
-105.8875949694311
-100.83812290862292
-102.8908259857944
-102.5699753577922
-101.72981788336648
-101.03751621066417
-99.45877241614687
-99.19275544026206
-101.17257833511118
-100.42675527301468
-101.05876836378904
-99.7938095692809
-102.23499641388811