-96.18962092046816
-104.78004437669946
-106.77287682599768
-111.01637309628637
-96.82382848814511
-114.50256658935062
-105.13004371679911
-100.6708062244318
-91.10112758026405
-114.63409884167262
-104.10705504240737
-89.07235783553132
-107.49114592401176
-117.80272972042198
-116.44073011935691
-117.5
-117.5
-105.51245019023975
-114.3209834002468
-100.34202863483398
-116.83444837074524
-112.27913737646358
-110.4299828804662
-117.2903848140612
-117.6732331324846
-106.57562988587755
-110.93438679204368
-108.01619073033122
-99.01043828385735
-103.10142287828135
-105.41061846823806
-103.41455464582593
-103.12686462615511
-102.05031857029218
-102.20669756445844
-105.45995384806965
-105.31110359426063
-103.7238179052969
-97.83850832851627
-97.08808819569691
-108.78088320867695
-106.44695027766662
-109.10681327127897
-102.95755302642077
-104.59941189905152
-101.0883173243079
-105.30544381060189
-103.87962206480168
-104.38689101675378
-105.3836145398813
-104.79872060151321
-105.2783552387078
-102.63624124547945
-100.0584675408882
-99.04220286078939
-100.00014645192955
-102.97963760895522
-105.87456913304722
-102.47703490217417
-98.13017321666125
-101.11008154820237
-103.09561772762116
-104.58695184329828
-102.42271695350928
-103.12423408987638
-100.44055233646108
-98.36230772679738
-102.75660058652143
-103.40164395890704
-106.35999472809358
-105.39719759351556
-105.61360450687305
-105.72885572242286
-92.55388856635322
-98.36330890629576
-104.53290718261313
-99.6174905273614
-102.32714945486913
-103.50787672481742
-102.50085538673545
-101.12303052789927
-102.60565129237344
-101.89396689675638
-103.11599328613457
-93.65888693654585
-102.52856838800781
-104.52281246319626
-106.67646196567539
-109.24384839400616
-97.15714825343795
-105.96743399728837
-104.13242890630202
-109.53819921791967
-106.94009858388674
-102.68157735995834
-101.83331472755987