-100.02765492818821
-101.6581313130513
-100.8867525570794
-102.2203223207118
-101.43981637730371
-101.67089831294626
-100.85601970211141
-101.44126468434452
-99.2230694786012
-100.97244432826727
-100.74297953340512
-99.10714092475538
-102.51993309328438
-102.58115247474672
-102.75250100622935
-100.85474802949437
-103.49696828852979
-104.07063881839355
-102.23396314503567
-103.26361934421246
-103.53348810958823
-102.44406054034727
-101.23158981255753
-101.50877059094435
-101.72502046804651
-101.01235583269857
-100.7664972360038
-101.72148556437334
-101.58927237311505
-99.43008137248184
-96.94967421172747
-96.65748292545021
-99.41753128534147
-101.62003611556716
-101.87608684622154
-98.94584673136677
-102.29541335755775
-100.42354200413189
-101.5287965752605
-98.39497916772632
-100.35125532753655
-102.4555396012901
-101.21502280314155
-99.6030214721473
-96.84263104686676
-94.89065921559364
-97.47646040402398
-97.67816383148003
-95.95652875745728
-103.42693552819155
-98.28678346317373
-98.5429064867548
-100.16227135917647
-102.04366255410454
-101.96283180597621
-103.43424391089924
-99.03754234945683
-104.49690075095019
-103.53826753992104
-98.66317569454432
-101.88329129728902
-101.30996997133444
-99.95506698402005
-99.17992074189486
-97.68670568380526
-96.87157021550175
-102.33799141792306
-101.39936360314013
-101.33241469004244
-100.05741327539317
-98.04740029725694
-97.26357058902329
-97.02922388364824
-100.06884412928024
-99.38841859252057
-100.6833078442422
-98.89943990728638
-97.51665826378202
-98.58049192954732
-97.91832209874971
-98.29960357408473
-100.29701503329198
-91.47847049322587
-97.83355313049464
-99.68354201232711
-96.91207088767374
-100.0589205058322
-100.89658337698532
-100.33484573601427
-101.11209574846922
-99.5490906283197
-102.2995376445952
-101.50288483676442
-101.49158388834573
-101.88708917427414
-101.3323609102875