-100.87665476801916
-102.58078480232923
-100.39588144036871
-105.28890532622498
-102.39181293712308
-104.69453850500344
-102.2455870698034
-116.35655290588261
-110.56992046941906
-106.09318374771331
-101.17782509056102
-103.82558026520834
-101.17682569818264
-101.96039256237466
-104.24155556724321
-99.69599784819829
-102.03623177782043
-99.72825147015885
-101.74272043583558
-102.74179551770267
-97.5178673788396
-103.11258086860056
-104.79605815963835
-107.48965527386353
-95.83633727082834
-105.00138415491028
-104.34264234770298
-102.78063446925195
-103.94804311604737
-101.38001388995436
-101.03496433089786
-103.4132947209992
-102.99401665078251
-100.92816236193231
-99.99608160546258
-99.37414394689144
-98.3185703812628
-100.11888880470335
-101.36562643603321
-100.80626995582668
-100.72132458555691
-101.04697350654024
-101.81956338336185
-101.50409560592118
-99.37152976378188
-100.38894290783153
-99.15128035555085
-99.42606272961355
-98.19206488896711
-99.87263717666126
-100.12287882759517
-99.9230264117216
-100.27768588793083
-99.48234464126702
-101.24974020508587
-104.47931660381785
-102.96818924982486
-101.53815045826875
-101.44413436532042
-102.61044582557963
-101.13637075794813
-102.36013938044289
-103.45027027471795
-102.81551818447636
-100.93722172149111
-100.578271068314
-100.00843162203118
-99.25553629082542
-100.86810001914829
-98.88007720280022
-95.34553817291027
-95.90106529617313
-96.72243205381176
-94.74182956496722
-91.84399380843311
-98.9894143058187
-100.7692944592303
-100.86760325552925
-101.6217761002913
-102.85261503866204
-102.75432970168268
-101.45917331538203
-99.83596512746655
-98.7476092038776
-100.57067795542983
-100.0404839935293
-102.20427092744437
-99.70339004678357
-100.99822466503375
-102.97910806794711
-103.06897466500263
-100.708127738917
-99.05260412718091
-100.21304287823563
-100.03861007897629
-102.03452442982964