-99.76610166694218
-96.68538694802638
-96.85994934985054
-97.83046226732536
-99.27062352515998
-98.14703359394932
-100.77663006120011
-100.83424834820036
-99.16187886713817
-99.92392123426568
-99.42801340721232
-101.18283521211488
-97.63903710673372
-100.90079403014899
-99.13974699657102
-99.4889755860782
-101.4624455897087
-98.8175518223028
-100.78128115263095
-101.9966894160442
-102.05022626852951
-99.72386252472876
-103.7305283387421
-101.39413491557889
-100.71972338936123
-98.69376775934141
-99.97834037362801
-101.52721213690864
-101.21473784331593
-98.76693449731981
-99.43464439455447
-101.97054145855847
-100.11774294782604
-97.58801026290055
-101.69337333550322
-98.93606863186177
-96.8156098098013
-97.11003323622066
-96.28206283206032
-100.9279127408071
-99.65149234994713
-97.6367664107918
-97.02057513887027
-100.39058075998767
-98.53242986639768
-101.03746881205724
-100.62614602578824
-97.8618940012174
-98.26218251340546
-101.2411110959114
-99.81903460732366
-100.8175796535673
-100.26542435699874
-93.92348661891829
-100.9425777411789
-97.58457439553862
-94.71459705896352
-97.66148234537894
-100.11151660521338
-99.54185111609263
-98.91875656031925
-101.61324825383542
-100.70059395188056
-94.40517569930881
-95.33257245525901
-97.08612124965336
-97.38502155236866
-98.97588366565968
-97.51323718616875
-97.67199400467874
-101.23930356357735
-100.79042620397082
-98.19996287244672
-98.48933535099184
-99.05937634398992
-99.84088434452808
-100.93127397382545
-99.00238281312909
-96.01947548306032
-99.58733618631685
-99.188793267528
-98.60088372006345
-99.57809131774457
-98.44855858622225
-98.80506580772527
-99.37452031818302
-101.00501614383938
-100.3614240287462
-99.81862093118139
-101.29606618462515
-101.76964809154069
-100.29547078426984
-101.80839040098478
-99.02610876844867
-97.02756856518461
-97.31271709303165