-101.15873015873017
-101.31893004115226
-100.37782805429865
-100.91342756183745
-101.02351097178683
-101.06103896103896
-101.4023746701847
-101.05860349127182
-101.37450980392157
-102.14858490566037
-101.75217391304348
-101.4940119760479
-101.55813953488372
-101.23278236914601
-101.31739130434782
-101.37009063444108
-101.3882175226586
-101.25522388059701
-101.30371352785146
-101.28333333333333
-101.32621951219512
-101.5764705882353
-101.1686046511628
-101.39520958083833
-101.52601156069365
-101.91265060240964
-102.56623376623376
-101.82463768115942
-101.64565826330532
-101.7713567839196
-105.24626865671642
-101.65450236966825
-102.63501350135013
-104.00143988480922
-105.63597733711048
-105.33698092031425
-103.12679700977573
-107.70188133140377
-103.85176991150442
-102.9728304947283
-101.11509349955476
-101.03399122807018
-105.45769230769231
-104.71137339055794
-106.5383064516129
-102.205
-106.10685483870968
-103.24381625441696
-106.05102040816327
-103.94444444444444
-100.82175226586102
-100.48905109489051
-101.9087705559906
-103.6125
-102.89902767389678
-104.04796918767506
-103.22748538011696
-103.24868881118881
-104.99371069182389
-104.76557863501483
-103.34279835390946
-103.90796019900498
-104.0427807486631
-104.37184115523466
-104.86411483253589
-106.51134846461949
-107.00403225806451
-106.27934782608696
-107.40149253731343
-104.14845360824742
-103.29550827423168
-102.03262955854127
-101.71062992125984
-106.1297093649085
-108.16143106457243
-104.97372060857538
-101.39463601532567
-102.06220379146919
-101.0142118863049
-100.71189591078067
-101.84080717488789
-102.45973154362416
-101.33870967741936
-101.8638888888889
-104.16192170818505
-102.85692771084338
-105.15198237885463
-106.04926108374384
-107.50986842105263
-105.54461538461538
-107.93636363636364
-103.97844827586206
-107.08670520231213
-105.32267441860465
-107.3936170212766
-104.70202020202021