-102.10849056603773
-105.9909420289855
-105.03827751196172
-103.98924731182795
-102.04961832061069
-105.64732142857143
-106.44145569620254
-106.72941176470589
-105.8659793814433
-108.12931034482759
-106.96686746987952
-106.81481481481481
-111.95492957746478
-110.58300395256917
-103.9424778761062
-104.671875
-112.01807228915662
-110.88181818181818
-103.5859375
-107.35227272727273
-109.25704225352112
-104.19677419354839
-103.01034482758621
-107.52061855670104
-103.26151315789474
-102.73260869565217
-104.76991150442478
-107.05177514792899
-105.60651629072682
-105.5848623853211
-103.20205479452055
-102.89884393063583
-103.28392857142858
-103.21527777777777
-105.55
-103.95631067961165
-104.05428571428571
-102.23333333333333
-104.26550387596899
-105.51953125
-101.58016032064128
-102.13875598086125
-106.10310734463278
-106.11296296296297
-105.08757062146893
-105.63513513513513
-104.90615835777126
-107.65979381443299
-108.96969696969697
-106.68859649122807
-104.70816326530613
-102.45384615384616
-102.46474358974359
-102.40625
-107.62408759124088
-105.74107142857143
-105.8
-105.25187969924812
-104.34042553191489
-103.32857142857142
-106.40322580645162
-102.38235294117646
-104.0375
-109.6743119266055
-103.39123867069486
-102.33513513513513
-101.866576819407
-103.51658163265306
-103.48067632850241
-106.62162162162163
-106.92805755395683
-104.27564102564102
-105.22355289421158
-105.24126637554585
-105.51100628930817
-104.87428571428572
-101.72526041666667
-101.33918669131238
-102.1734693877551
-102.60731707317073
-104.03658536585365
-101.8179419525066
-104.34121621621621
-103.7449494949495
-104.0709219858156
-101.97111111111111
-103.41867469879519
-104.61794019933555
-103.96369636963696
-105.35690235690235
-104.66353887399464
-101.28506097560975
-103.75234521575985
-105.71656050955414
-104.4691943127962
-106.64256198347107