-84.05555555555556
-81.35652173913043
-97.09848484848484
-95.97972972972973
-99.665
-89.4004329004329
-87.64197530864197
-74.42737430167598
-80.67207792207792
-75.434375
-71.00208333333333
-73.525
-75.30696202531645
-85.05188679245283
-77.56696428571429
-84.19753086419753
-70.32089552238806
-75.24452554744525
-72.95333333333333
-76.83823529411765
-74.33495145631068
-78.92543859649123
-80.41326530612245
-80.89449541284404
-79.39024390243902
-76.64179104477611
-81.0
-84.02142857142857
-76.25
-79.24137931034483
-86.29545454545455
-79.74866310160428
-85.2156862745098
-87.4938775510204
-84.9025
-67.1826923076923
-61.02808988764045
-83.24705882352941
-87.59756097560975
-60.720588235294116
-66.11971830985915
-94.0
-73.66666666666667
-76.48473282442748
-79.90547263681592
-75.58333333333333
-78.29918032786885
-60.0
-60.0
-60.0
-60.0
-68.45522388059702
-66.4
-60.0
-66.6842105263158
-60.0
-69.87179487179488
-74.76
-60.79347826086956
-64.29629629629629
-75.39393939393939
-64.23387096774194
-73.70833333333333
-71.55813953488372
-85.64583333333333
-83.39583333333333
-81.14583333333333
-85.40384615384616
-75.1
-94.47330097087378
-103.8714953271028
-89.24358974358974
-89.43939393939394
-85.42307692307692
-87.14285714285714
-83.05555555555556
-84.59677419354838
-90.57272727272728
-87.68181818181819
-83.17532467532467
-87.0
-82.24285714285715
-87.15094339622641
-89.41011235955057
-93.59375
-98.64606741573034
-100.8395061728395
-97.65168539325843
-83.98976109215018
-86.07066381156316
-85.05790297339593
-89.18974042027195
-88.04733727810651
-83.38727858293076
-84.35247349823321
-83.411227154047