-81.5
-81.5
-81.5
-81.5
-92.25
-87.625
-85.3125
-84.15625
-83.578125
-83.2890625
-83.0
-89.0
-89.16666666666666
-89.25
-89.29166666666666
-89.3125
-89.32291666666666
-89.33333333333333
-84.91666666666666
-82.70833333333333
-81.60416666666666
-81.05208333333333
-80.77604166666666
-80.5
-87.3
-87.1622699386503
-87.09340490797545
-87.05897239263803
-87.04175613496932
-87.02453987730061
-80.28571428571429
-87.25
-98.95
-87.4125
-81.64375
-78.759375
-77.3171875
-75.875
-75.94444444444444
-75.0
-94.375
-113.75
-93.875
-74.0
-87.25
-94.36029411764706
-97.91544117647058
-99.69301470588235
-100.58180147058823
-101.47058823529412
-86.66666666666667
-80.875
-81.23060344827587
-81.40840517241381
-81.49730603448276
-81.58620689655173
-80.73125
-85.12666666666667
-86.1
-84.96666666666667
-83.83333333333333
-79.0
-84.55912162162161
-90.11824324324324
-94.34482758620689
-95.78448275862068
-92.85227272727273
-86.5
-84.22727272727273
-89.67948717948718
-91.13276836158192
-87.87453183520599
-87.24825174825175
-86.01264044943821
-89.70334928229666
-81.13953488372093
-83.61656441717791
-84.91525423728814
-85.15489130434783
-84.54968944099379
-79.21484375
-85.86451612903225
-81.5
-86.5
-91.5
-92.83333333333334
-94.16666666666667
-90.95833333333334
-89.35416666666667
-88.55208333333334
-88.15104166666667
-87.75
-87.75
-87.75
-87.75
-87.75