-85.71957671957672
-86.1842105263158
-88.05882352941177
-85.94871794871794
-84.06451612903226
-85.89772727272727
-88.15384615384616
-88.83185840707965
-83.53125
-81.61918604651163
-82.02556818181819
-79.91193181818181
-88.41666666666667
-88.32222222222222
-85.92372881355932
-86.74579831932773
-83.16350710900474
-83.1885593220339
-82.15853658536585
-81.6
-80.6923076923077
-81.88888888888889
-83.9090909090909
-85.47222222222223
-87.0
-84.0
-87.07142857142857
-83.42857142857143
-86.72222222222223
-86.71052631578948
-84.6923076923077
-81.61111111111111
-82.92105263157895
-83.16666666666667
-104.3
-86.55555555555556
-86.65789473684211
-83.625
-86.0
-85.25
-84.875
-84.5
-87.5
-90.5
-85.67857142857143
-80.85714285714286
-79.53968253968254
-78.22222222222223
-83.29861111111111
-85.83680555555556
-88.375
-84.91826923076923
-83.18990384615384
-81.46153846153847
-85.28301886792453
-85.52158273381295
-79.0
-114.1923076923077
-77.0
-77.0
-77.0
-77.0
-84.58333333333334
-92.16666666666667
-80.9
-93.15535714285716
-99.28303571428572
-102.34687500000001
-105.41071428571429
-108.90336134453781
-87.16666666666667
-89.6
-96.0
-81.13333333333334
-88.30232558139535
-82.54761904761905
-91.70833333333333
-93.79166666666667
-87.2
-90.33333333333333
-89.76732673267327
-89.64942528735632
-91.94585987261146
-91.62631578947368
-91.36511627906977
-90.56293706293707
-86.6201923076923
-84.27297297297298
-99.4971098265896
-81.47860962566845
-83.47402597402598
-83.52822580645162
-83.65705128205128
-82.11270491803279
-82.75714285714285
-82.81749049429658