-87.05042016806723
-81.33101851851852
-81.50485436893204
-81.67788461538461
-81.33783783783784
-81.99537037037037
-84.68579234972678
-80.1125
-84.05755395683454
-94.11688311688312
-85.00653594771242
-79.81343283582089
-80.95
-80.87704918032787
-83.44505494505495
-85.27272727272727
-87.13461538461539
-80.27941176470588
-79.33928571428571
-79.75
-81.84
-80.375
-81.15853658536585
-79.484375
-79.48214285714286
-80.09821428571429
-79.8452380952381
-79.82051282051282
-79.54545454545455
-79.26829268292683
-81.89597315436242
-79.77272727272727
-80.37288135593221
-82.06481481481481
-81.0
-79.2840909090909
-86.34444444444445
-84.47278911564626
-84.45664739884393
-86.28618421052632
-89.74742268041237
-87.60855263157895
-87.0625
-83.32638888888889
-79.51724137931035
-78.42361111111111
-78.30246913580247
-78.71290322580646
-80.75
-110.05555555555556
-94.82125603864733
-87.20410628019323
-83.39553140096618
-81.49124396135265
-80.5391002415459
-79.58695652173913
-87.71428571428571
-81.16666666666667
-78.5
-88.99683544303798
-91.1864406779661
-90.01515151515152
-90.6744966442953
-91.53571428571429
-92.13785714285714
-92.74
-84.75
-93.7439024390244
-88.6258064516129
-89.1063829787234
-86.66666666666667
-77.9375
-80.16666666666667
-92.33333333333333
-88.22413793103448
-92.95505617977528
-89.98901098901099
-92.57751937984496
-83.38926174496645
-85.56122448979592
-83.73507462686567
-86.4971098265896
-89.51694915254237
-89.38235294117646
-89.27333333333333
-87.65384615384616
-91.26829268292683
-82.0
-85.78693181818181
-85.54561403508772
-91.41641791044776
-88.46142433234421
-86.45953757225433
-86.02995391705069
-84.66747572815534
-83.99261083743842