-79.14539007092199
-80.44921875
-86.24521072796935
-84.83514492753623
-85.56041666666667
-83.57569721115537
-86.6036866359447
-89.7125
-85.55867346938776
-94.96938775510205
-96.49714285714286
-92.99857142857144
-89.5
-89.5
-94.5
-95.5
-87.5
-93.36666666666666
-92.24468085106383
-93.64492753623189
-94.25555555555556
-92.76923076923077
-94.60810810810811
-92.63461538461539
-92.5
-93.16666666666667
-93.0952380952381
-93.19444444444444
-95.13265306122449
-92.53030303030303
-95.13333333333334
-98.91379310344827
-95.90845070422536
-98.6590909090909
-97.87704918032787
-95.2457627118644
-97.54878048780488
-96.53896103896103
-89.71713147410358
-87.1144578313253
-100.74452554744525
-105.65306122448979
-88.30940594059406
-85.9535519125683
-70.04430379746836
-71.71538461538462
-68.26984126984127
-68.40425531914893
-68.97058823529412
-69.02631578947368
-68.95890410958904
-71.70238095238095
-77.85119047619048
-80.92559523809524
-82.46279761904762
-83.23139880952381
-83.6156994047619
-84.0
-80.18421052631578
-76.36842105263158
-82.43421052631578
-85.46710526315789
-86.98355263157895
-88.5
-89.14285714285714
-89.46428571428572
-89.625
-89.78571428571429
-85.97619047619048
-84.07142857142858
-82.16666666666667
-83.5
-84.61904761904762
-85.17857142857143
-85.73809523809524
-93.83532934131736
-94.46370967741936
-87.15893817204301
-83.50655241935485
-81.68035954301075
-80.76726310483872
-79.85416666666667
-77.17045454545455
-77.9375
-79.10416666666667
-80.77083333333333
-79.47560975609755
-79.93589743589743
-68.85135135135135
-74.32558139534883
-66.46666666666667
-67.46666666666667
-68.46666666666667
-87.95833333333333
-89.98648648648648
-72.33214285714286