-87.43450479233226
-85.67464114832536
-86.1675
-82.93558282208589
-89.68260869565218
-84.24350649350649
-79.65416666666667
-81.1423076923077
-79.30124223602485
-82.82424242424243
-87.76666666666667
-88.4126213592233
-89.584
-86.58715596330275
-87.30416666666666
-88.1056338028169
-93.63793103448276
-83.825
-83.84285714285714
-83.30555555555556
-86.20618556701031
-84.92056074766356
-89.46296296296296
-90.95555555555555
-87.58947368421053
-87.6910569105691
-85.24137931034483
-84.94954128440367
-80.73821989528795
-85.5
-79.62326388888889
-79.6159169550173
-86.84736842105264
-79.30578512396694
-98.53651685393258
-85.90816326530613
-87.68622448979592
-89.46428571428571
-80.34615384615384
-82.99660633484163
-85.6470588235294
-108.28313253012048
-97.06363636363636
-102.92857142857143
-91.29166666666667
-86.25297619047619
-81.21428571428571
-92.10714285714286
-86.08134920634922
-80.05555555555556
-87.9
-83.88181818181818
-82.0
-73.5
-91.66071428571429
-87.61785714285715
-85.59642857142858
-83.575
-79.02702702702703
-79.6842105263158
-79.96666666666667
-83.63888888888889
-82.875
-83.5
-87.28125
-75.13970588235294
-83.33333333333333
-117.5
-87.4931506849315
-85.15853658536585
-89.66666666666667
-92.0
-84.20833333333333
-87.5
-95.02941176470588
-84.1583850931677
-91.31967213114754
-93.29946524064171
-93.2
-93.24834437086092
-91.75373134328358
-95.01010101010101
-92.33974358974359
-92.0
-98.50240384615384
-99.10989010989012
-95.25479452054795
-94.59200743494424
-96.77182539682539
-94.02625
-93.88930581613508
-93.42386831275721
-92.48177083333333
-94.38202247191012
-95.2459584295612
-95.55586592178771