-99.60667752442997
-101.5669014084507
-98.23797250859107
-98.20068027210884
-94.53280141843972
-93.44911504424779
-94.3945054945055
-95.05579868708972
-92.73945409429281
-93.77346278317152
-93.99063670411985
-95.77372262773723
-95.62934362934362
-95.67206477732793
-95.6340206185567
-97.6144578313253
-98.05897435897435
-99.18725868725869
-100.66017316017316
-96.14173228346456
-105.09104938271605
-98.22123893805309
-91.15178571428571
-91.63311688311688
-99.16176470588235
-98.53214285714286
-100.62037037037037
-100.84650455927051
-98.7625
-97.75519287833828
-96.20532915360502
-97.04509803921569
-90.625
-92.50751879699249
-92.40745856353591
-97.20945945945945
-94.78177966101696
-92.3519313304721
-104.87864077669903
-104.94642857142857
-99.25490196078431
-91.54347826086956
-86.5
-83.36666666666666
-82.3157894736842
-85.38167938931298
-86.05421686746988
-87.33858267716535
-87.57913669064749
-90.57491856677524
-86.08627450980393
-80.50826446280992
-82.05555555555556
-78.47777777777779
-74.9
-104.23529411764706
-93.925
-86.64285714285714
-92.48351648351648
-91.73989898989899
-91.57177033492823
-90.484375
-88.85885167464114
-88.76760563380282
-83.4
-108.15686274509804
-98.36666666666666
-93.06944444444444
-91.71428571428571
-97.94444444444444
-97.08823529411765
-100.22727272727273
-98.94444444444444
-91.5
-106.4375
-86.71428571428571
-76.0
-106.14383561643835
-98.84117647058824
-108.95614035087719
-98.91975308641975
-85.9
-91.5
-81.19196428571429
-80.58064516129032
-78.00862068965517
-75.77522935779817
-92.7135922330097
-96.95647558386412
-95.02544910179641
-96.65469613259668
-95.96969696969697
-94.2368703108253
-95.0382626680455
-96.81888111888112
-97.2625