-97.03115727002967
-95.40395480225989
-94.484375
-91.16216216216216
-88.88340807174887
-89.82046332046332
-96.0859375
-95.04961832061069
-94.65126050420169
-92.15151515151516
-90.73076923076923
-91.21428571428571
-86.85416666666667
-89.94067796610169
-89.68181818181819
-89.31481481481481
-97.30263157894737
-97.85616438356165
-98.708
-97.16666666666667
-92.36904761904762
-87.34615384615384
-87.35263157894737
-90.95833333333333
-88.53333333333333
-88.13934426229508
-89.05263157894737
-88.64545454545454
-87.47619047619048
-87.64516129032258
-90.37837837837837
-86.4906103286385
-90.43146417445483
-88.99638989169675
-88.39285714285714
-85.7797619047619
-84.47321428571428
-83.81994047619048
-83.49330357142858
-83.32998511904762
-83.24832589285714
-83.16666666666667
-71.58333333333334
-65.79166666666667
-62.895833333333336
-61.44791666666667
-60.723958333333336
-60.36197916666667
-60.180989583333336
-60.09049479166667
-60.045247395833336
-60.02262369791667
-60.011311848958336
-60.00565592447917
-60.0
-60.0
-60.0
-60.0
-60.0
-60.0
-60.0
-84.91666666666666
-109.83333333333333
-88.41666666666666
-77.70833333333333
-72.35416666666666
-69.67708333333333
-67.0
-71.0
-80.17222222222222
-84.75833333333333
-87.05138888888888
-88.19791666666666
-88.77118055555556
-89.34444444444445
-89.79126984126984
-90.23809523809524
-95.10714285714286
-89.36666666666666
-90.97826086956522
-89.23666666666666
-92.35493827160494
-91.53358208955224
-90.6094890510949
-100.5952380952381
-93.31481481481481
-92.1875
-95.16666666666667
-93.95283018867924
-95.24301675977654
-92.87128712871286
-88.25403225806451
-80.5867924528302
-67.9625
-69.1923076923077
-84.796875