-89.25
-89.25
-89.0
-88.875
-88.8125
-88.78125
-88.765625
-88.7578125
-88.75
-91.25
-92.5
-93.125
-93.4375
-93.59375
-93.671875
-93.75
-86.23611111111111
-82.47916666666667
-80.60069444444446
-79.66145833333334
-79.19184027777779
-78.95703125
-78.83962673611111
-78.78092447916667
-78.75157335069446
-78.73689778645834
-78.72222222222223
-90.21428571428571
-120.0
-93.5
-80.25
-73.625
-70.3125
-68.65625
-67.828125
-67.4140625
-67.20703125
-67.103515625
-67.0517578125
-67.02587890625
-67.012939453125
-67.0064697265625
-67.00323486328125
-67.00161743164062
-67.00080871582031
-67.00040435791016
-67.00020217895508
-67.00010108947754
-67.00005054473877
-67.00002527236938
-67.00001263618469
-67.00000631809235
-67.00000315904617
-67.00000157952309
-67.00000078976154
-67.0
-72.0
-77.0
-117.5
-94.25
-82.625
-71.0
-71.0
-71.0
-81.35
-86.525
-89.11250000000001
-90.40625
-91.7
-87.76666666666667
-85.8
-83.83333333333333
-84.55
-83.94444444444444
-87.0
-82.83333333333333
-83.68181818181819
-83.1875
-82.77232142857143
-82.56473214285714
-82.4609375
-82.40904017857143
-82.38309151785714
-82.3701171875
-82.36363002232143
-82.36038643973214
-82.3587646484375
-82.35714285714286
-85.1590909090909
-88.32758620689656
-90.44354838709677
-86.5
-86.16666666666666
-86.0
-85.91666666666666
-85.83333333333333