-99.48624595469256
-101.46103896103897
-101.0625
-98.1233108108108
-104.68274582560296
-104.75670103092783
-101.70188284518828
-98.51778656126483
-100.31296758104739
-98.65589887640449
-100.32384823848238
-99.29195804195804
-100.27409638554217
-100.4595588235294
-103.48913043478261
-102.22556390977444
-101.58646616541354
-103.78383458646617
-103.06944444444444
-100.71926910299004
-101.973474801061
-103.22684085510689
-103.69529411764705
-103.53846153846153
-98.33279742765274
-99.55059523809524
-101.3644578313253
-102.11271676300578
-102.91322314049587
-103.29411764705883
-101.90025252525253
-102.10508849557522
-102.7749445676275
-101.62724550898204
-97.08979591836734
-98.90123456790124
-96.43283582089552
-96.6231884057971
-87.8862433862434
-87.40291262135922
-90.00628930817611
-96.15625
-96.5609756097561
-98.11904761904762
-93.7948717948718
-97.19047619047619
-97.62941176470588
-98.23245614035088
-94.85786802030456
-102.74404761904762
-102.46010638297872
-98.57710280373831
-95.19589552238806
-98.21020408163265
-95.30676328502416
-91.08527131782945
-87.02
-85.71551724137932
-91.36923076923077
-91.04166666666667
-86.72222222222223
-87.90229885057471
-90.32558139534883
-88.29012345679013
-85.79166666666667
-107.80645161290323
-84.92857142857143
-85.42307692307692
-77.86583533653845
-74.08721454326923
-72.19790414663461
-70.30859375
-71.11675126903553
-66.09826589595376
-87.86635220125787
-66.29891304347827
-67.57065217391305
-75.08035714285714
-92.79017857142857
-110.5
-108.02
-69.73360655737704
-73.6171875
-101.75
-89.97222222222223
-90.53827751196172
-89.0692883895131
-92.15
-96.071875
-83.96694214876032
-100.91129032258064
-93.15346534653466
-87.57798165137615
-98.50280898876404
-90.12534435261708
-92.2557915057915