-97.87297297297297
-98.3804347826087
-97.40588235294118
-97.12337662337663
-95.02873563218391
-89.3529411764706
-73.4625850340136
-74.40551181102362
-80.09292035398231
-83.96153846153847
-73.0078125
-84.88095238095238
-83.3202614379085
-75.18997668997669
-76.16283924843424
-82.05520504731861
-83.98339483394834
-77.61977186311788
-75.59107806691449
-76.44363636363636
-79.75390625
-81.10373443983403
-82.30705394190872
-79.00508474576272
-80.06294964028777
-79.8047619047619
-75.42148760330579
-69.9140625
-73.85806451612903
-72.94811320754717
-71.39754098360656
-76.86666666666666
-75.65748031496064
-79.45608108108108
-78.55555555555556
-81.43518518518519
-72.60106382978724
-73.09701492537313
-71.87373737373737
-80.96111111111111
-86.56603773584905
-81.20564516129032
-73.22592592592592
-81.32142857142857
-76.00699300699301
-85.60338345864662
-87.94934640522875
-86.9640522875817
-89.12033195020747
-86.16315789473684
-83.705
-87.0863309352518
-88.46701030927835
-87.43973941368078
-85.73628048780488
-89.02904564315352
-91.86480686695279
-88.43027888446215
-81.84347826086956
-84.10902255639098
-79.32786885245902
-78.23239436619718
-68.72413793103448
-65.77142857142857
-77.06428571428572
-72.22839506172839
-73.8961038961039
-67.8780487804878
-72.67441860465117
-72.94117647058823
-72.546875
-74.83505154639175
-73.06024096385542
-72.48591549295774
-89.67796610169492
-92.0807453416149
-78.97709923664122
-93.07185628742515
-75.4920634920635
-76.43406593406593
-75.925
-84.8955223880597
-90.32167832167832
-90.86898395721926
-91.28571428571429
-90.17953667953668
-91.75176056338029
-91.03523489932886
-91.44809322033899
-87.21355060034305
-86.7754303599374
-86.14274061990213
-88.12099358974359
-87.36666666666666
-82.2452380952381
-84.28743315508021