-69.35128205128206
-69.99047619047619
-90.57407407407408
-92.5909090909091
-88.64285714285714
-90.77142857142857
-90.53846153846153
-86.08823529411765
-76.72222222222223
-77.0
-69.54545454545455
-75.88461538461539
-79.0
-79.55555555555556
-73.0
-78.75
-81.25
-81.42307692307692
-81.5
-81.21428571428571
-86.02941176470588
-86.5
-87.83333333333333
-79.35
-86.72222222222223
-83.5
-84.95454545454545
-83.56451612903226
-82.5
-80.75
-83.33333333333333
-83.5
-84.5
-84.20588235294117
-88.72222222222223
-80.25
-81.875
-82.6875
-83.09375
-83.296875
-83.5
-74.2
-73.1
-72.55
-72.275
-72.1375
-72.06875
-72.034375
-72.0171875
-72.0
-83.25925925925925
-83.96891534391534
-84.67857142857143
-71.76666666666667
-83.5
-80.515625
-79.0234375
-78.27734375
-77.53125
-75.515625
-73.5
-75.35
-77.2
-78.22222222222223
-72.61111111111111
-69.80555555555556
-68.40277777777777
-67.70138888888889
-67.0
-71.0
-78.03378378378379
-90.33333333333333
-81.03030303030303
-76.37878787878788
-74.05303030303031
-71.72727272727273
-79.17164179104478
-86.76724137931035
-84.5
-91.88461538461539
-83.32941176470588
-82.9469696969697
-85.63934426229508
-88.74766355140187
-90.1304347826087
-92.68388429752066
-93.65671641791045
-95.50456621004567
-95.57297297297298
-97.46910112359551
-93.14772727272727
-96.25568181818181
-99.45884773662551
-103.67723342939482
-104.9453125
-104.5284090909091