-83.4451754385965
-85.20370370370371
-83.1140350877193
-83.20331950207469
-85.43203883495146
-85.08
-83.53985507246377
-83.34328358208955
-86.07075471698113
-85.11742424242425
-82.64615384615385
-84.6953781512605
-84.15695067264573
-84.95774647887323
-87.49242424242425
-83.67796610169492
-85.73214285714286
-84.22388059701493
-86.10526315789474
-84.15131578947368
-86.07954545454545
-85.7936507936508
-85.23584905660377
-83.01754385964912
-87.36893203883496
-82.67777777777778
-80.80952380952381
-79.81
-79.23684210526316
-79.09375
-88.17532467532467
-86.99193548387096
-81.3015873015873
-94.50526315789473
-106.81372549019608
-99.23529411764706
-86.7843137254902
-74.33333333333333
-88.41666666666666
-102.5
-96.83333333333334
-91.16666666666667
-103.19047619047619
-115.21428571428571
-87.73333333333333
-79.92857142857143
-120.0
-93.16666666666667
-82.25
-74.78846153846153
-96.14423076923077
-106.82211538461539
-112.1610576923077
-117.5
-90.5
-83.35416666666666
-76.20833333333333
-77.3
-86.9
-96.5
-80.00649350649351
-84.54972375690608
-82.06741573033707
-80.1875
-80.92307692307692
-84.41666666666667
-77.16666666666667
-79.0
-79.91666666666667
-83.13235294117646
-81.42307692307692
-83.75
-77.0
-75.19642857142857
-91.35714285714286
-88.5
-84.92857142857143
-79.73809523809524
-77.88888888888889
-94.075
-95.29220779220779
-94.35384615384615
-95.55128205128206
-95.45
-96.0561797752809
-95.77480916030534
-96.04482758620689
-96.34513274336283
-92.87407407407407
-94.87053571428571
-95.55639097744361
-95.64598540145985
-92.66451612903226
-92.81111111111112
-92.57352941176471
-85.84138972809667