-92.16666666666667
-92.16666666666667
-91.5
-86.0
-83.25
-80.5
-87.875
-91.5625
-95.25
-87.35576923076923
-83.40865384615384
-81.43509615384616
-79.46153846153847
-80.5
-87.0
-93.5
-87.5
-84.5
-83.0
-81.5
-87.0
-92.5
-92.5
-85.75
-82.375
-80.6875
-79.0
-86.25
-93.5
-82.25
-76.625
-73.8125
-72.40625
-71.0
-87.48863636363637
-103.97727272727273
-89.48863636363637
-82.24431818181819
-78.6221590909091
-75.0
-75.0
-75.0
-79.83333333333334
-84.66666666666667
-78.83333333333334
-75.91666666666667
-73.0
-71.0
-68.0
-66.5
-65.75
-65.375
-65.1875
-65.0
-65.0
-65.0
-65.0
-65.0
-65.0
-65.0
-65.0
-71.75806451612902
-75.13709677419354
-76.8266129032258
-77.67137096774192
-78.09375
-78.30493951612902
-78.41053427419354
-78.4633316532258
-78.48973034274192
-78.5029296875
-78.50952935987902
-78.51282919606854
-78.5144791141633
-78.51530407321067
-78.51571655273438
-78.51592279249621
-78.51602591237713
-78.51607747231759
-78.51610325228782
-78.51612903225806
-80.86168293718166
-83.20723684210526
-86.57291666666667
-87.62666666666667
-96.34313725490196
-93.61057692307692
-85.73333333333333
-83.66847826086956
-86.08333333333333
-87.30097087378641
-86.764
-86.26190476190476
-87.15
-85.1
-86.125